time (seconds),stride interval (seconds)
30.797,1.023
31.820,1.030
32.850,1.017
33.867,1.027
34.893,1.043
35.937,1.027
36.963,1.007
37.970,1.047
39.017,1.033
40.050,1.043
41.093,1.017
42.110,1.023
43.133,1.027
44.160,1.037
45.197,1.003
46.200,1.007
47.207,1.037
48.243,1.020
49.263,1.007
50.270,1.067
51.337,1.023
52.360,1.023
53.383,1.017
54.400,1.023
55.423,1.030
56.453,1.017
57.470,1.020
58.490,1.010
59.500,1.017
60.517,1.023
61.540,1.007
62.547,1.047
63.593,1.050
64.643,1.037
65.680,1.037
66.717,1.057
67.773,1.030
68.803,1.033
69.837,1.033
70.870,1.017
71.887,1.007
72.893,1.020
73.913,1.047
74.960,1.020
75.980,1.033
77.013,1.047
78.060,1.013
79.073,1.030
80.103,1.037
81.140,1.013
82.153,1.050
83.203,1.037
84.240,1.083
85.323,1.067
86.390,1.047
87.437,1.040
88.477,1.033
89.510,1.037
90.547,1.037
91.583,1.057
92.640,1.033
93.673,1.043
94.717,1.007
95.723,1.040
96.763,1.037
97.800,1.060
98.860,1.043
99.903,1.033
100.937,1.027
101.963,1.033
102.997,1.053
104.050,1.040
105.090,1.043
106.133,1.070
107.203,0.983
108.187,0.923
109.110,0.940
110.050,1.030
111.080,1.023
112.103,1.053
113.157,1.040
114.197,1.053
115.250,1.063
116.313,1.043
117.357,1.047
118.403,1.057
119.460,1.060
120.520,1.047
121.567,1.043
122.610,1.037
123.647,1.037
124.683,1.037
125.720,1.040
126.760,1.020
127.780,1.037
128.817,1.050
129.867,1.040
130.907,1.027
131.933,1.040
132.973,1.030
134.003,1.040
135.043,1.050
136.093,1.033
137.127,1.023
138.150,1.040
139.190,1.033
140.223,1.040
141.263,1.023
142.287,1.010
143.297,1.043
144.340,1.047
145.387,1.033
146.420,1.023
147.443,1.050
148.493,1.043
149.537,1.007
150.543,1.033
151.577,1.023
152.600,1.047
153.647,1.030
154.677,1.043
155.720,1.063
156.783,1.057
157.840,1.057
158.897,1.063
159.960,1.047
161.007,1.010
162.017,1.047
163.063,1.067
164.130,1.053
165.183,1.050
166.233,1.033
167.267,1.040
168.307,1.033
169.340,1.047
170.387,1.043
171.430,1.027
172.457,1.037
173.493,1.030
174.523,1.047
175.570,1.040
176.610,1.027
177.637,1.033
178.670,1.040
179.710,1.023
180.733,1.047
181.780,1.047
182.827,1.020
183.847,1.050
184.897,1.037
185.933,1.057
186.990,1.060
188.050,1.047
189.097,1.053
190.150,1.043
191.193,1.033
192.227,1.047
193.273,1.040
194.313,1.040
195.353,1.043
196.397,1.053
197.450,1.023
198.473,1.057
199.530,1.047
200.577,1.033
201.610,1.047
202.657,1.060
203.717,1.067
204.783,1.043
205.827,1.063
206.890,1.030
207.920,1.050
208.970,1.023
209.993,1.040
211.033,1.043
212.077,1.047
213.123,1.053
214.177,1.040
215.217,1.040
216.257,1.057
217.313,1.053
218.367,1.060
219.427,1.053
220.480,1.040
221.520,1.063
222.583,1.060
223.643,1.057
224.700,1.067
225.767,1.083
226.850,1.047
227.897,1.007
228.903,1.053
229.957,1.060
231.017,1.047
232.063,1.053
233.117,1.043
234.160,1.043
235.203,1.057
236.260,1.057
237.317,1.033
238.350,1.060
239.410,1.057
240.467,1.033
241.500,1.010
242.510,1.050
243.560,1.063
244.623,1.027
245.650,1.060
246.710,1.040
247.750,1.053
248.803,1.050
249.853,1.040
250.893,1.047
251.940,1.047
252.987,1.050
254.037,1.040
255.077,1.020
256.097,1.043
257.140,1.037
258.177,1.037
259.213,1.043
260.257,1.030
261.287,1.040
262.327,1.047
263.373,1.040
264.413,1.007
265.420,1.030
266.450,1.040
267.490,1.020
268.510,1.037
269.547,1.017
270.563,1.037
271.600,1.027
272.627,1.040
273.667,1.040
274.707,1.057
275.763,1.033
276.797,1.057
277.853,1.030
278.883,1.023
279.907,1.050
280.957,1.030
281.987,1.057
283.043,1.030
284.073,1.060
285.133,1.017
286.150,1.043
287.193,1.043
288.237,1.020
289.257,1.020
290.277,1.047
291.323,1.050
292.373,1.033
293.407,1.047
294.453,1.030
295.483,1.033
296.517,1.047
297.563,1.023
298.587,1.047
299.633,1.040
300.673,1.050
301.723,1.033
302.757,1.043
303.800,1.033
304.833,1.027
305.860,1.047
306.907,1.043
307.950,1.030
308.980,1.023
310.003,1.037
311.040,1.017
312.057,1.030
313.087,1.050
314.137,1.063
315.200,1.047
316.247,1.043
317.290,1.040
318.330,1.043
319.373,1.050
320.423,1.020
321.443,1.030
322.473,1.030
323.503,1.040
324.543,1.043
325.587,1.043
326.630,1.040
327.670,1.040
328.710,1.037
329.747,1.027
330.773,1.017
331.790,1.013
332.803,1.043
333.847,1.043
334.890,1.030
335.920,1.023
336.943,1.033
337.977,1.047
339.023,1.027
340.050,1.040
341.090,1.057
342.147,1.040
343.187,1.040
344.227,1.030
345.257,1.040
346.297,1.053
347.350,1.047
348.397,1.043
349.440,1.033
350.473,1.030
351.503,1.053
352.557,1.043
353.600,1.040
354.640,1.033
355.673,1.030
356.703,1.023
357.727,1.063
358.790,1.057
359.847,1.027
360.873,1.037
361.910,1.037
362.947,1.037
363.983,1.043
365.027,1.057
366.083,1.043
367.127,1.013
368.140,1.043
369.183,1.040
370.223,1.047
371.270,1.037
372.307,1.040
373.347,1.020
374.367,1.037
375.403,1.023
376.427,1.027
377.453,1.060
378.513,1.037
379.550,1.027
380.577,1.063
381.640,1.040
382.680,1.030
383.710,1.050
384.760,1.033
385.793,1.053
386.847,1.037
387.883,1.043
388.927,1.040
389.967,1.077
391.043,1.053
392.097,1.047
393.143,1.027
394.170,1.030
395.200,1.047
396.247,1.020
397.267,1.047
398.313,1.033
399.347,1.030
400.377,1.043
401.420,1.057
402.477,1.050
403.527,1.037
404.563,1.037
405.600,1.043
406.643,1.050
407.693,1.053
408.747,1.040
409.787,1.037
410.823,1.043
411.867,1.050
412.917,1.027
413.943,1.027
414.970,1.033
416.003,1.037
417.040,1.043
418.083,1.057
419.140,1.057
420.197,1.047
421.243,1.040
422.283,1.040
423.323,1.017
424.340,1.023
425.363,1.020
426.383,1.020
427.403,1.060
428.463,1.060
429.523,1.043
430.567,1.047
431.613,1.057
432.670,1.047
433.717,1.043
434.760,1.047
435.807,1.033
436.840,1.033
437.873,1.030
438.903,1.027
439.930,1.050
440.980,1.023
442.003,1.043
443.047,1.040
444.087,1.033
445.120,1.057
446.177,1.043
447.220,1.043
448.263,1.043
449.307,1.050
450.357,1.027
451.383,1.033
452.417,1.043
453.460,1.023
454.483,1.043
455.527,1.060
456.587,1.057
457.643,1.050
458.693,1.027
459.720,1.037
460.757,1.033
461.790,1.023
462.813,1.053
463.867,1.043
464.910,1.037
465.947,1.050
466.997,1.033
468.030,1.050
469.080,1.047
470.127,1.043
471.170,1.037
472.207,1.037
473.243,1.040
474.283,1.043
475.327,1.030
476.357,1.023
477.380,1.033
478.413,1.010
479.423,1.023
480.447,1.033
481.480,1.043
482.523,1.027
483.550,1.033
484.583,1.013
485.597,1.013
486.610,1.027
487.637,1.030
488.667,1.033
489.700,1.047
490.747,1.030
491.777,1.040
492.817,1.040
493.857,1.043
494.900,1.013
495.913,1.047
496.960,1.030
497.990,1.030
499.020,1.040
500.060,1.017
501.077,1.013
502.090,1.027
503.117,1.043
504.160,1.027
505.187,1.060
506.247,1.063
507.310,1.037
508.347,1.023
509.370,0.987
510.357,1.020
511.377,1.047
512.423,1.033
513.457,1.007
514.463,1.023
515.487,1.020
516.507,1.010
517.517,1.037
518.553,1.013
519.567,1.043
520.610,1.020
521.630,1.023
522.653,1.027
523.680,1.023
524.703,1.023
525.727,1.033
526.760,1.033
527.793,1.030
528.823,1.033
529.857,1.043
530.900,1.003
531.903,1.043
532.947,1.013
533.960,1.037
534.997,0.997
535.993,1.027
537.020,1.010
538.030,1.010
539.040,1.033
540.073,1.040
541.113,1.023
542.137,1.020
543.157,1.040
544.197,1.030
545.227,1.030
546.257,1.013
547.270,1.033
548.303,1.047
549.350,1.017
550.367,1.037
551.403,1.020
552.423,1.030
553.453,1.033
554.487,1.037
555.523,1.037
556.560,1.023
557.583,1.030
558.613,1.030
559.643,1.053
560.697,1.023
561.720,1.030
562.750,1.023
563.773,1.030
564.803,1.073
565.877,1.023
566.900,1.037
567.937,1.020
568.957,1.053
570.010,0.993
571.003,0.997
572.000,1.040
573.040,1.017
574.057,1.023
575.080,1.017
576.097,1.040
577.137,1.047
578.183,1.017
579.200,1.043
580.243,1.030
581.273,1.020
582.293,1.030
583.323,1.013
584.337,1.053
585.390,1.047
586.437,1.050
587.487,1.043
588.530,1.020
589.550,1.027
590.577,1.020
591.597,1.010
592.607,1.030
593.637,1.023
594.660,1.047
595.707,1.033
596.740,1.020
597.760,0.993
598.753,1.033
599.787,1.010
600.797,1.020
601.817,1.027
602.843,1.040
603.883,1.053
604.937,1.017
605.953,1.027
606.980,1.027
608.007,1.037
609.043,1.020
610.063,1.027
611.090,1.027
612.117,1.027
613.143,1.013
614.157,1.033
615.190,1.037
616.227,1.043
617.270,1.033
618.303,1.050
619.353,1.050
620.403,1.023
621.427,1.037
622.463,1.030
623.493,1.007
624.500,1.047
625.547,1.030
626.577,1.013
627.590,1.003
628.593,1.020
629.613,1.027
630.640,0.997
631.637,1.037
632.673,1.043
633.717,1.000
634.717,1.023
635.740,1.010
636.750,1.027
637.777,1.020
638.797,1.040
639.837,1.050
640.887,1.017
641.903,1.050
642.953,1.020
643.973,1.043
645.017,1.033
646.050,1.040
647.090,1.017
648.107,1.023
649.130,1.010
650.140,1.030
651.170,1.027
652.197,1.047
653.243,1.007
654.250,1.013
655.263,1.007
656.270,1.013
657.283,1.003
658.287,1.010
659.297,1.037
660.333,1.040
661.373,1.013
662.387,1.027
663.413,1.020
664.433,1.043
665.477,1.047
666.523,1.030
667.553,1.023
668.577,1.017
669.593,1.030
670.623,1.010
671.633,1.033
672.667,1.020
673.687,1.033
674.720,1.010
675.730,1.027
676.757,1.033
677.790,1.027
678.817,1.040
679.857,1.027
680.883,1.017
681.900,1.017
682.917,1.040
683.957,1.007
684.963,1.023
685.987,1.037
687.023,1.017
688.040,1.037
689.077,1.007
690.083,1.040
691.123,1.033
692.157,1.047
693.203,1.027
694.230,1.040
695.270,1.033
696.303,1.027
697.330,1.030
698.360,1.043
699.403,1.020
700.423,1.030
701.453,1.033
702.487,1.023
703.510,1.023
704.533,0.997
705.530,1.010
706.540,1.030
707.570,1.020
708.590,1.033
709.623,0.983
710.607,1.023
711.630,0.973
712.603,1.043
713.647,1.017
714.663,1.020
715.683,1.013
716.697,0.993
717.690,1.023
718.713,1.013
719.727,1.003
720.730,1.023
721.753,1.027
722.780,1.020
723.800,1.040
724.840,1.023
725.863,1.000
726.863,1.010
727.873,1.010
728.883,1.020
729.903,1.007
730.910,1.013
731.923,1.027
732.950,1.033
733.983,1.003
734.987,0.993
735.980,1.010
736.990,0.993
737.983,1.037
739.020,1.040
740.060,1.027
741.087,1.007
742.093,1.020
743.113,1.033
744.147,1.013
745.160,1.020
746.180,1.003
747.183,1.030
748.213,1.017
749.230,1.013
750.243,1.030
751.273,1.043
752.317,1.017
753.333,1.027
754.360,1.010
755.370,1.013
756.383,0.990
757.373,1.003
758.377,1.050
759.427,1.037
760.463,1.017
761.480,1.030
762.510,1.013
763.523,1.017
764.540,0.997
765.537,1.030
766.567,1.010
767.577,1.000
768.577,1.010
769.587,1.007
770.593,1.017
771.610,1.020
772.630,1.023
773.653,1.013
774.667,1.030
775.697,1.007
776.703,1.017
777.720,1.010
778.730,0.990
779.720,1.017
780.737,0.997
781.733,1.020
782.753,1.007
783.760,1.033
784.793,1.007
785.800,1.017
786.817,1.050
787.867,1.003
788.870,1.023
789.893,1.010
790.903,1.000
791.903,1.017
792.920,1.020
793.940,1.003
794.943,1.013
795.957,1.020
796.977,1.000
797.977,1.013
798.990,1.037
800.027,1.007
801.033,1.013
802.047,1.003
803.050,1.030
804.080,1.020
805.100,0.980
806.080,1.003
807.083,1.020
808.103,1.023
809.127,1.013
810.140,1.020
811.160,1.007
812.167,1.003
813.170,1.007
814.177,1.010
815.187,1.017
816.203,1.007
817.210,1.000
818.210,1.017
819.227,1.003
820.230,1.017
821.247,1.020
822.267,1.010
823.277,1.033
824.310,0.993
825.303,1.000
826.303,1.040
827.343,1.020
828.363,1.003
829.367,1.017
830.383,1.033
831.417,1.020
832.437,1.023
833.460,1.013
834.473,1.023
835.497,0.980
836.477,1.013
837.490,0.997
838.487,0.990
839.477,1.017
840.493,1.017
841.510,1.013
842.523,1.013
843.537,1.020
844.557,1.017
845.573,1.030
846.603,0.993
847.597,1.033
848.630,1.010
849.640,0.993
850.633,1.040
851.673,1.023
852.697,1.020
853.717,1.000
854.717,1.010
855.727,1.000
856.727,1.000
857.727,0.993
858.720,0.990
859.710,0.987
860.697,1.007
861.703,1.027
862.730,1.007
863.737,1.020
864.757,1.023
865.780,0.997
866.777,0.993
867.770,1.007
868.777,1.013
869.790,1.003
