time (seconds),stride interval (seconds)
30.957,0.980
31.937,0.997
32.933,0.967
33.900,0.973
34.873,0.983
35.857,0.983
36.840,0.990
37.830,0.973
38.803,0.993
39.797,1.017
40.813,1.013
41.827,1.050
42.877,1.050
43.927,1.060
44.987,1.080
46.067,1.047
47.113,0.993
48.107,1.023
49.130,1.047
50.177,1.053
51.230,1.073
52.303,1.000
53.303,0.993
54.297,1.003
55.300,1.000
56.300,0.977
57.277,0.980
58.257,0.987
59.243,0.997
60.240,0.957
61.197,0.997
62.193,0.997
63.190,0.987
64.177,0.960
65.137,1.000
66.137,0.977
67.113,1.003
68.117,0.967
69.083,0.973
70.057,0.980
71.037,0.970
72.007,0.973
72.980,0.970
73.950,0.980
74.930,0.970
75.900,1.010
76.910,0.990
77.900,1.033
78.933,0.993
79.927,1.000
80.927,1.023
81.950,1.030
82.980,0.973
83.953,0.983
84.937,0.947
85.883,0.983
86.867,0.990
87.857,0.977
88.833,0.963
89.797,0.963
90.760,0.977
91.737,0.977
92.713,1.003
93.717,0.967
94.683,1.007
95.690,0.980
96.670,0.997
97.667,0.987
98.653,0.997
99.650,0.973
100.623,0.980
101.603,0.947
102.550,0.970
103.520,0.987
104.507,0.980
105.487,1.010
106.497,0.953
107.450,0.970
108.420,0.967
109.387,0.963
110.350,0.980
111.330,0.973
112.303,0.967
113.270,0.963
114.233,0.960
115.193,0.983
116.177,0.957
117.133,0.970
118.103,0.963
119.067,1.007
120.073,0.970
121.043,0.967
122.010,0.967
122.977,0.993
123.970,1.007
124.977,0.973
125.950,0.970
126.920,0.973
127.893,0.983
128.877,0.990
129.867,0.990
130.857,0.957
131.813,0.990
132.803,0.993
133.797,0.967
134.763,1.017
135.780,1.013
136.793,0.973
137.767,0.953
138.720,0.963
139.683,0.993
140.677,0.983
141.660,0.983
142.643,1.010
143.653,0.977
144.630,0.977
145.607,1.017
146.623,0.993
147.617,0.990
148.607,1.003
149.610,0.957
150.567,0.987
151.553,0.990
152.543,0.970
153.513,0.970
154.483,0.980
155.463,0.990
156.453,0.937
157.390,0.967
158.357,0.970
159.327,0.983
160.310,0.973
161.283,0.980
162.263,0.983
163.247,0.967
164.213,0.950
165.163,0.953
166.117,0.973
167.090,0.950
168.040,0.977
169.017,0.973
169.990,0.977
170.967,0.980
171.947,0.973
172.920,1.003
173.923,1.000
174.923,0.990
175.913,0.963
176.877,0.963
177.840,0.973
178.813,1.013
179.827,0.990
180.817,0.963
181.780,0.963
182.743,0.967
183.710,0.960
184.670,0.950
185.620,0.970
186.590,0.957
187.547,0.960
188.507,0.943
189.450,0.943
190.393,0.957
191.350,0.980
192.330,0.967
193.297,0.950
194.247,0.963
195.210,0.960
196.170,0.933
197.103,0.970
198.073,0.963
199.037,0.940
199.977,0.937
200.913,0.940
201.853,0.937
202.790,0.937
203.727,0.987
204.713,0.957
205.670,0.983
206.653,0.973
207.627,0.983
208.610,0.983
209.593,0.967
210.560,0.937
211.497,0.970
212.467,0.960
213.427,0.957
214.383,0.963
215.347,0.943
216.290,0.980
217.270,0.947
218.217,0.930
219.147,0.963
220.110,0.960
221.070,0.977
222.047,0.967
223.013,0.963
223.977,0.950
224.927,0.950
225.877,0.957
226.833,0.920
227.753,0.953
228.707,0.957
229.663,0.967
230.630,0.970
231.600,0.983
232.583,0.950
233.533,0.950
234.483,0.940
235.423,0.967
236.390,0.957
237.347,0.937
238.283,0.937
239.220,0.917
240.137,0.957
241.093,0.990
242.083,0.943
243.027,0.960
243.987,0.977
244.963,0.960
245.923,0.987
246.910,1.003
247.913,0.923
248.837,0.957
249.793,0.967
250.760,0.953
251.713,0.950
252.663,0.953
253.617,0.950
254.567,0.977
255.543,0.943
256.487,0.957
257.443,0.970
258.413,0.963
259.377,0.953
260.330,0.960
261.290,0.967
262.257,0.973
263.230,0.973
264.203,0.963
265.167,0.977
266.143,0.957
267.100,0.957
268.057,0.970
269.027,0.973
270.000,0.960
270.960,0.980
271.940,0.973
272.913,0.960
273.873,0.957
274.830,0.950
275.780,0.950
276.730,0.953
277.683,0.973
278.657,0.923
279.580,0.947
280.527,0.963
281.490,0.940
282.430,0.947
283.377,0.940
284.317,0.963
285.280,0.933
286.213,0.920
287.133,0.957
288.090,0.967
289.057,0.953
290.010,0.957
290.967,0.940
291.907,0.943
292.850,0.960
293.810,0.957
294.767,0.950
295.717,0.947
296.663,0.940
297.603,0.940
298.543,0.920
299.463,0.960
300.423,0.973
301.397,0.947
302.343,0.923
303.267,0.947
304.213,0.927
305.140,0.930
306.070,0.963
307.033,0.917
307.950,0.937
308.887,0.933
309.820,0.943
310.763,0.980
311.743,0.940
312.683,0.930
313.613,0.940
314.553,0.950
315.503,0.957
316.460,0.927
317.387,0.960
318.347,0.910
319.257,0.933
320.190,0.927
321.117,0.940
322.057,0.917
322.973,0.983
323.957,0.980
324.937,0.973
325.910,0.950
326.860,0.913
327.773,0.963
328.737,0.927
329.663,0.907
330.570,0.917
331.487,0.930
332.417,0.923
333.340,0.940
334.280,0.960
335.240,0.937
336.177,0.940
337.117,0.943
338.060,0.963
339.023,0.933
339.957,0.960
340.917,0.943
341.860,0.923
342.783,0.890
343.673,0.920
344.593,0.927
345.520,0.920
346.440,0.930
347.370,0.913
348.283,0.920
349.203,0.927
350.130,0.917
351.047,0.923
351.970,0.917
352.887,0.950
353.837,0.947
354.783,0.920
355.703,0.920
356.623,0.923
357.547,0.917
358.463,0.940
359.403,0.923
360.327,0.937
361.263,0.943
362.207,0.927
363.133,0.907
364.040,0.917
364.957,0.900
365.857,0.933
366.790,0.907
367.697,0.930
368.627,0.933
369.560,0.920
370.480,0.917
371.397,0.917
372.313,0.913
373.227,0.950
374.177,0.933
375.110,0.930
376.040,0.923
376.963,0.927
377.890,0.903
378.793,0.903
379.697,0.910
380.607,0.927
381.533,0.913
382.447,0.923
383.370,0.897
384.267,0.917
385.183,0.913
386.097,0.940
387.037,0.907
387.943,0.903
388.847,0.923
389.770,0.923
390.693,0.897
391.590,0.917
392.507,0.897
393.403,0.907
394.310,0.927
395.237,0.927
396.163,0.923
397.087,0.903
397.990,0.950
398.940,0.937
399.877,0.923
400.800,0.920
401.720,0.923
402.643,0.920
403.563,0.927
404.490,0.930
405.420,0.917
406.337,0.947
407.283,0.940
408.223,0.940
409.163,0.930
410.093,0.910
411.003,0.930
411.933,0.960
412.893,0.957
413.850,0.953
414.803,0.943
415.747,0.920
416.667,0.940
417.607,0.940
418.547,0.943
419.490,0.943
420.433,0.913
421.347,0.933
422.280,0.903
423.183,0.920
424.103,0.923
425.027,0.927
425.953,0.910
426.863,0.937
427.800,0.950
428.750,0.887
429.637,0.927
430.563,0.920
431.483,0.940
432.423,0.933
433.357,0.950
434.307,0.917
435.223,0.927
436.150,0.950
437.100,0.953
438.053,0.973
439.027,0.957
439.983,0.977
440.960,0.970
441.930,0.947
442.877,0.923
443.800,0.890
444.690,0.937
445.627,0.923
446.550,0.913
447.463,0.933
448.397,0.927
449.323,0.900
450.223,0.890
451.113,0.913
452.027,0.940
452.967,0.937
453.903,0.907
454.810,0.910
455.720,0.923
456.643,0.940
457.583,0.927
458.510,0.937
459.447,0.917
460.363,0.933
461.297,0.940
462.237,0.910
463.147,0.897
464.043,0.913
464.957,0.917
465.873,0.943
466.817,0.913
467.730,0.920
468.650,0.923
469.573,0.897
470.470,0.920
471.390,0.917
472.307,0.920
473.227,0.927
474.153,0.913
475.067,0.890
475.957,0.907
476.863,0.923
477.787,0.923
478.710,0.900
479.610,0.897
480.507,0.890
481.397,0.923
482.320,0.917
483.237,0.887
484.123,0.923
485.047,0.930
485.977,0.967
486.943,0.920
487.863,0.910
488.773,0.940
489.713,0.917
490.630,0.923
491.553,0.920
492.473,0.947
493.420,0.937
494.357,0.920
495.277,0.897
496.173,0.913
497.087,0.940
498.027,0.963
498.990,0.930
499.920,0.923
500.843,0.910
501.753,0.893
502.647,0.910
503.557,0.913
504.470,0.927
505.397,0.913
506.310,0.920
507.230,0.927
508.157,0.920
509.077,0.927
510.003,0.930
510.933,0.930
511.863,0.930
512.793,0.937
513.730,0.940
514.670,0.940
515.610,0.947
516.557,0.960
517.517,0.930
518.447,0.927
519.373,0.890
520.263,0.967
521.230,0.920
522.150,0.933
523.083,0.947
524.030,0.923
524.953,0.900
525.853,0.940
526.793,0.943
527.737,0.893
528.630,0.920
529.550,0.900
530.450,0.913
531.363,0.923
532.287,0.890
533.177,0.913
534.090,0.900
534.990,0.910
535.900,0.913
536.813,0.917
537.730,0.913
538.643,0.913
539.557,0.917
540.473,0.903
541.377,0.900
542.277,0.933
543.210,0.943
544.153,0.937
545.090,0.913
546.003,0.893
546.897,0.903
547.800,0.937
548.737,0.960
549.697,0.933
550.630,0.913
551.543,0.967
552.510,0.943
553.453,0.910
554.363,0.920
555.283,0.910
556.193,0.930
557.123,0.913
558.037,0.933
558.970,0.913
559.883,0.937
560.820,0.910
561.730,0.957
562.687,0.937
563.623,0.953
564.577,0.933
565.510,0.893
566.403,0.903
567.307,0.920
568.227,0.927
569.153,0.923
570.077,0.933
571.010,0.917
571.927,0.907
572.833,0.937
573.770,0.900
574.670,0.907
575.577,0.907
576.483,0.910
577.393,0.943
578.337,0.940
579.277,0.910
580.187,0.937
581.123,0.927
582.050,0.937
582.987,0.947
583.933,0.943
584.877,0.963
585.840,0.937
586.777,0.930
587.707,0.937
588.643,0.940
589.583,0.953
590.537,0.957
591.493,0.933
592.427,0.913
593.340,0.933
594.273,0.937
595.210,0.920
596.130,0.913
597.043,0.957
598.000,0.963
598.963,0.940
599.903,0.927
600.830,0.913
601.743,0.907
602.650,0.933
603.583,0.913
604.497,0.923
605.420,0.937
606.357,0.933
607.290,0.917
608.207,0.913
609.120,0.917
610.037,0.917
610.953,0.907
611.860,0.920
612.780,0.917
613.697,0.910
614.607,0.897
615.503,0.887
616.390,0.907
617.297,0.920
618.217,0.917
619.133,0.910
620.043,0.920
620.963,0.920
621.883,0.897
622.780,0.890
623.670,0.927
624.597,0.930
625.527,0.903
626.430,0.933
627.363,0.933
628.297,0.913
629.210,0.920
630.130,0.927
631.057,0.930
631.987,0.913
632.900,0.953
633.853,0.920
634.773,0.920
635.693,0.930
636.623,0.920
637.543,0.923
638.467,0.940
639.407,0.943
640.350,0.913
641.263,0.907
642.170,0.923
643.093,0.917
644.010,0.883
644.893,0.923
645.817,0.917
646.733,0.907
647.640,0.900
648.540,0.920
649.460,0.907
650.367,0.937
651.303,0.913
652.217,0.920
653.137,0.920
654.057,0.890
654.947,0.917
655.863,0.923
656.787,0.947
657.733,0.933
658.667,0.937
659.603,0.907
660.510,0.907
661.417,0.943
662.360,0.910
663.270,0.903
664.173,0.917
665.090,0.953
666.043,0.887
666.930,0.920
667.850,0.917
668.767,0.927
669.693,0.923
670.617,0.917
671.533,0.903
672.437,0.900
673.337,0.927
674.263,0.903
675.167,0.943
676.110,0.920
677.030,0.933
677.963,0.943
678.907,0.930
679.837,0.923
680.760,0.937
681.697,0.930
682.627,0.937
683.563,0.930
684.493,0.943
685.437,0.973
686.410,0.920
687.330,0.887
688.217,0.930
689.147,0.927
690.073,0.933
691.007,0.947
691.953,0.930
692.883,0.903
693.787,0.927
694.713,0.923
695.637,0.953
696.590,0.927
697.517,0.933
698.450,0.907
699.357,0.920
700.277,0.920
701.197,0.903
702.100,0.920
703.020,0.977
703.997,0.983
704.980,0.967
705.947,0.923
706.870,0.920
707.790,0.953
708.743,0.893
709.637,0.910
710.547,0.923
711.470,0.940
712.410,0.920
713.330,0.923
714.253,0.897
715.150,0.927
716.077,1.007
717.083,0.923
718.007,0.910
718.917,0.953
719.870,0.930
720.800,0.940
721.740,0.933
722.673,0.930
723.603,0.947
724.550,0.927
725.477,0.923
726.400,0.910
727.310,0.930
728.240,0.927
729.167,0.920
730.087,0.890
730.977,0.923
731.900,0.907
732.807,0.920
733.727,0.923
734.650,0.920
735.570,0.937
736.507,0.913
737.420,0.923
738.343,0.927
739.270,0.927
740.197,0.920
741.117,0.960
742.077,0.923
743.000,0.933
743.933,0.917
744.850,0.927
745.777,0.933
746.710,0.933
747.643,0.960
748.603,0.933
749.537,0.910
750.447,0.900
751.347,0.937
752.283,0.937
753.220,0.943
754.163,0.933
755.097,0.913
756.010,0.947
756.957,0.917
757.873,0.920
758.793,0.900
759.693,0.910
760.603,0.937
761.540,0.910
762.450,0.920
763.370,0.930
764.300,0.937
765.237,0.917
766.153,0.920
767.073,0.913
767.987,0.913
768.900,0.950
769.850,0.913
770.763,0.910
771.673,0.920
772.593,0.907
773.500,0.910
774.410,0.887
775.297,0.933
776.230,0.950
777.180,0.947
778.127,0.947
779.073,0.963
780.037,0.970
781.007,0.923
781.930,0.910
782.840,0.937
783.777,0.960
784.737,0.933
785.670,0.930
786.600,0.937
787.537,0.940
788.477,0.933
789.410,0.940
790.350,0.933
791.283,0.933
792.217,0.960
793.177,0.950
794.127,0.957
795.083,0.953
796.037,0.923
796.960,0.940
797.900,0.903
798.803,0.940
799.743,0.903
800.647,0.903
801.550,0.903
802.453,0.900
803.353,0.920
804.273,0.917
805.190,0.927
806.117,0.947
807.063,0.920
807.983,0.923
808.907,0.927
809.833,0.917
810.750,0.943
811.693,0.910
812.603,0.907
813.510,0.900
814.410,0.957
815.367,0.940
816.307,0.923
817.230,0.930
818.160,0.943
819.103,0.967
820.070,0.913
820.983,0.933
821.917,0.920
822.837,0.950
823.787,0.940
824.727,0.953
825.680,0.910
826.590,0.943
827.533,0.923
828.457,0.957
829.413,0.927
830.340,0.967
831.307,0.997
832.303,0.900
833.203,0.927
834.130,0.893
835.023,0.947
835.970,0.927
836.897,0.917
837.813,0.917
838.730,0.937
839.667,0.913
840.580,0.930
841.510,0.920
842.430,0.903
843.333,0.920
844.253,0.923
845.177,0.910
846.087,0.910
846.997,0.923
847.920,0.927
848.847,0.913
849.760,0.923
850.683,0.890
851.573,0.943
852.517,0.893
853.410,0.920
854.330,0.903
855.233,0.910
856.143,0.897
857.040,0.940
857.980,0.930
858.910,0.940
859.850,0.923
860.773,0.950
861.723,0.937
862.660,0.913
863.573,0.957
864.530,0.930
865.460,0.950
866.410,0.953
867.363,0.917
868.280,0.930
869.210,0.970
